1.570000 0.000000
1.570000 0.000000
1.570150 0.149201
1.570592 0.292276
1.571314 0.429416
1.572305 0.560805
1.573553 0.686624
1.575047 0.807048
1.576777 0.922246
1.578732 1.032385
1.580903 1.137624
1.583279 1.238121
1.585851 1.334026
1.588611 1.425487
1.591550 1.512647
1.594658 1.595646
1.597929 1.674619
1.601354 1.749697
1.604925 1.821008
1.608635 1.888675
1.612476 1.952820
1.616443 2.013559
1.620528 2.071006
1.624724 2.125271
1.629026 2.176462
1.633427 2.224681
1.637922 2.270031
1.642505 2.312610
1.647170 2.352513
1.651913 2.389832
1.656727 2.424656
1.661609 2.457074
1.666554 2.487170
1.671556 2.515026
1.676612 2.540721
1.681717 2.564333
1.686867 2.585937
1.692059 2.605605
1.697288 2.623409
1.702550 2.639417
1.707844 2.653695
1.713164 2.666308
1.718507 2.677318
1.723871 2.686785
1.729253 2.694770
1.734649 2.701329
1.740057 2.706516
1.745473 2.710386
1.750897 2.712991
1.756324 2.714381
1.761753 2.714605
1.767181 2.713709
1.772607 2.711741
1.778027 2.708744
1.783440 2.704762
1.788845 2.699836
1.794239 2.694006
1.799620 2.687312
1.804987 2.679791
1.810338 2.671480
1.815672 2.662416
1.820987 2.652631
1.826282 2.642159
1.831555 2.631033
1.836805 2.619284
1.842031 2.606941
1.847232 2.594035
1.852406 2.580592
1.857553 2.566641
1.862672 2.552208
1.867762 2.537318
1.872821 2.521996
1.877849 2.506266
1.882845 2.490151
1.887809 2.473672
1.892739 2.456853
1.897636 2.439712
1.902497 2.422271
1.907324 2.404549
1.912115 2.386564
1.916870 2.368334
1.921588 2.349877
1.926269 2.331210
1.930912 2.312349
1.935518 2.293309
1.940085 2.274105
1.944614 2.254753
1.949104 2.235265
1.953554 2.215656
1.957966 2.195938
1.962338 2.176124
1.966670 2.156225
1.970962 2.136254
1.975215 2.116222
1.979427 2.096139
1.983599 2.076015
1.987731 2.055860
1.991822 2.035685
1.995873 2.015497
1.999884 1.995306
2.003854 1.975120
2.007784 1.954948
2.011674 1.934796
2.015523 1.914672
2.019332 1.894584
2.023101 1.874538
2.026830 1.854540
2.030519 1.834597
2.034168 1.814715
2.037778 1.794899
2.041348 1.775155
2.044878 1.755488
2.048369 1.735903
2.051822 1.716405
2.055235 1.696997
2.058609 1.677685
2.061945 1.658472
2.065243 1.639362
2.068503 1.620358
2.071724 1.601465
2.074908 1.582685
2.078055 1.564022
2.081164 1.545478
2.084237 1.527056
2.087273 1.508759
2.090272 1.490589
2.093235 1.472548
2.096162 1.454638
2.099053 1.436862
2.101909 1.419222
2.104730 1.401718
2.107516 1.384353
2.110267 1.367128
2.112984 1.350044
2.115668 1.333103
2.118317 1.316306
2.120933 1.299654
2.123515 1.283147
2.126065 1.266787
2.128582 1.250574
2.131067 1.234509
2.133520 1.218592
2.135942 1.202824
2.138332 1.187206
2.140691 1.171737
2.143019 1.156419
2.145316 1.141250
2.147584 1.126231
2.149821 1.111363
2.152029 1.096645
2.154208 1.082077
2.156357 1.067659
2.158478 1.053390
2.160571 1.039271
2.162635 1.025301
2.164672 1.011481
2.166681 0.997808
2.168663 0.984284
2.170618 0.970907
2.172547 0.957677
2.174449 0.944593
2.176325 0.931655
2.178176 0.918862
2.180001 0.906214
2.181800 0.893710
2.183575 0.881348
2.185326 0.869129
2.187052 0.857052
2.188754 0.845115
2.190432 0.833318
2.192087 0.821660
2.193719 0.810140
2.195328 0.798758
2.196914 0.787511
2.198478 0.776400
2.200020 0.765423
2.201540 0.754580
2.203038 0.743869
2.204515 0.733290
2.205971 0.722841
2.207406 0.712521
2.208821 0.702329
2.210216 0.692265
2.211590 0.682327
2.212945 0.672514
2.214280 0.662826
2.215596 0.653260
2.216893 0.643816
2.218172 0.634493
2.219431 0.625290
2.220673 0.616205
2.221896 0.607237
2.223102 0.598387
2.224290 0.589651
2.225460 0.581029
2.226614 0.572521
2.227751 0.564124
2.228870 0.555839
2.229974 0.547662
2.231061 0.539595
2.232132 0.531635
2.233188 0.523781
2.234227 0.516033
2.235252 0.508388
2.236261 0.500847
2.237255 0.493407
2.238235 0.486068
2.239199 0.478829
2.240150 0.471689
2.241086 0.464646
2.242009 0.457700
2.242917 0.450848
2.243812 0.444092
2.244693 0.437428
2.245562 0.430856
2.246417 0.424376
2.247259 0.417985
2.248089 0.411684
2.248906 0.405470
2.249711 0.399344
2.250503 0.393303
2.251284 0.387347
2.252053 0.381475
2.252810 0.375686
2.253556 0.369978
2.254290 0.364352
2.255013 0.358805
2.255725 0.353337
2.256426 0.347947
2.257117 0.342634
2.257797 0.337397
2.258466 0.332235
2.259126 0.327147
2.259775 0.322132
2.260414 0.317189
2.261044 0.312318
2.261664 0.307517
2.262274 0.302786
2.262875 0.298123
2.263466 0.293528
2.264049 0.289000
2.264622 0.284538
2.265187 0.280141
2.265743 0.275808
2.266290 0.271538
2.266829 0.267332
2.267360 0.263187
2.267882 0.259103
2.268396 0.255079
2.268902 0.251114
2.269401 0.247208
2.269891 0.243360
2.270374 0.239569
2.270849 0.235834
2.271317 0.232154
2.271778 0.228529
2.272232 0.224959
2.272678 0.221441
2.273117 0.217976
2.273550 0.214563
2.273976 0.211200
2.274395 0.207889
2.274807 0.204626
2.275213 0.201413
2.275613 0.198248
2.276006 0.195131
2.276393 0.192061
2.276774 0.189037
2.277149 0.186059
2.277519 0.183126
2.277882 0.180237
2.278240 0.177392
2.278592 0.174591
2.278938 0.171831
2.279279 0.169114
2.279614 0.166438
2.279945 0.163803
2.280270 0.161208
2.280590 0.158653
2.280904 0.156137
2.281214 0.153659
2.281519 0.151219
2.281819 0.148816
2.282114 0.146451
2.282405 0.144122
2.282691 0.141828
2.282972 0.139570
2.283249 0.137347
2.283521 0.135157
2.283790 0.133002
2.284053 0.130880
2.284313 0.128791
2.284569 0.126734
2.284820 0.124709
2.285068 0.122715
2.285311 0.120752
2.285551 0.118819
2.285786 0.116917
2.286018 0.115044
2.286246 0.113200
2.286471 0.111385
2.286692 0.109599
2.286909 0.107840
2.287123 0.106108
2.287334 0.104404
2.287541 0.102726
2.287745 0.101074
2.287945 0.099449
2.288143 0.097848
2.288337 0.096273
2.288528 0.094723
2.288716 0.093197
2.288900 0.091694
2.289082 0.090216
2.289261 0.088760
2.289437 0.087328
2.289611 0.085918
2.289781 0.084530
2.289949 0.083164
2.290114 0.081820
2.290276 0.080497
2.290436 0.079195
2.290593 0.077913
2.290747 0.076652
2.290899 0.075411
2.291049 0.074189
2.291196 0.072986
2.291341 0.071803
2.291483 0.070639
2.291624 0.069493
2.291761 0.068365
2.291897 0.067255
2.292030 0.066162
2.292162 0.065087
2.292291 0.064030
2.292418 0.062989
2.292543 0.061964
2.292666 0.060956
2.292787 0.059964
2.292906 0.058988
2.293023 0.058027
2.293138 0.057082
2.293251 0.056152
2.293362 0.055237
2.293472 0.054336
2.293580 0.053450
2.293686 0.052578
2.293790 0.051719
2.293892 0.050875
2.293993 0.050044
2.294093 0.049227
2.294190 0.048423
2.294286 0.047631
2.294381 0.046852
2.294474 0.046086
2.294565 0.045332
2.294655 0.044590
2.294744 0.043861
2.294831 0.043143
2.294916 0.042436
2.295000 0.041741
2.295083 0.041057
2.295165 0.040384
2.295245 0.039722
2.295323 0.039071
2.295401 0.038430
2.295477 0.037799
2.295552 0.037179
2.295626 0.036569
2.295698 0.035968
2.295770 0.035377
2.295840 0.034796
2.295909 0.034225
2.295977 0.033662
2.296044 0.033109
2.296109 0.032564
2.296174 0.032029
2.296237 0.031502
2.296300 0.030984
2.296361 0.030474
2.296422 0.029972
2.296481 0.029478
2.296540 0.028993
2.296597 0.028515
2.296654 0.028045
2.296709 0.027583
2.296764 0.027129
2.296818 0.026681
2.296871 0.026241
2.296923 0.025809
2.296974 0.025383
2.297024 0.024964
2.297074 0.024552
2.297123 0.024147
2.297170 0.023748
2.297218 0.023356
2.297264 0.022970
2.297309 0.022590
2.297354 0.022217
2.297398 0.021850
2.297442 0.021489
2.297484 0.021133
2.297526 0.020784
2.297567 0.020440
2.297608 0.020102
2.297648 0.019769
2.297687 0.019442
2.297726 0.019121
2.297764 0.018804
2.297801 0.018493
2.297838 0.018186
2.297874 0.017885
2.297909 0.017589
2.297944 0.017297
2.297978 0.017011
2.298012 0.016729
2.298045 0.016451
2.298078 0.016179
2.298110 0.015910
2.298141 0.015646
2.298172 0.015387
2.298203 0.015132
2.298233 0.014881
2.298262 0.014634
2.298292 0.014391
2.298320 0.014152
2.298348 0.013917
2.298376 0.013686
2.298403 0.013458
2.298430 0.013235
2.298456 0.013015
2.298482 0.012799
2.298507 0.012586
2.298532 0.012377
2.298557 0.012171
2.298581 0.011969
2.298604 0.011770
2.298628 0.011574
2.298651 0.011381
2.298673 0.011192
2.298695 0.011006
2.298717 0.010823
2.298739 0.010642
2.298760 0.010465
2.298781 0.010291
2.298801 0.010120
2.298821 0.009951
2.298841 0.009786
2.298860 0.009623
2.298879 0.009462
2.298898 0.009305
2.298917 0.009150
2.298935 0.008997
2.298953 0.008847
2.298970 0.008700
2.298987 0.008555
2.299004 0.008412
2.299021 0.008272
2.299037 0.008134
2.299054 0.007998
2.299069 0.007865
2.299085 0.007734
2.299100 0.007605
2.299115 0.007478
2.299130 0.007353
2.299145 0.007230
2.299159 0.007109
2.299173 0.006991
2.299187 0.006874
2.299201 0.006759
2.299214 0.006646
2.299227 0.006535
2.299240 0.006426
2.299253 0.006319
2.299266 0.006213
2.299278 0.006109
2.299290 0.006007
2.299302 0.005907
2.299314 0.005808
2.299325 0.005711
2.299336 0.005616
2.299348 0.005522
2.299359 0.005430
2.299369 0.005339
2.299380 0.005249
2.299390 0.005162
2.299401 0.005075
2.299411 0.004990
2.299421 0.004907
2.299430 0.004825
2.299440 0.004744
2.299449 0.004665
2.299458 0.004587
2.299468 0.004510
2.299477 0.004434
2.299485 0.004360
2.299494 0.004287
2.299502 0.004215
2.299511 0.004145
2.299519 0.004075
2.299527 0.004007
2.299535 0.003940
2.299543 0.003874
2.299551 0.003809
2.299558 0.003745
2.299566 0.003683
2.299573 0.003621
2.299580 0.003560
2.299587 0.003501
2.299594 0.003442
2.299601 0.003384
2.299608 0.003327
2.299614 0.003272
2.299621 0.003217
2.299627 0.003163
2.299633 0.003110
2.299639 0.003058
2.299646 0.003006
2.299652 0.002956
2.299657 0.002906
2.299663 0.002858
2.299669 0.002810
2.299674 0.002763
2.299680 0.002716
2.299685 0.002671
2.299691 0.002626
2.299696 0.002582
2.299701 0.002538
2.299706 0.002496
2.299711 0.002454
2.299716 0.002413
2.299720 0.002372
2.299725 0.002332
2.299730 0.002293
2.299734 0.002255
2.299739 0.002217
2.299743 0.002180
2.299748 0.002143
2.299752 0.002107
2.299756 0.002072
2.299760 0.002037
2.299764 0.002003
2.299768 0.001969
2.299772 0.001936
2.299776 0.001903
2.299780 0.001871
2.299783 0.001840
2.299787 0.001809
2.299791 0.001779
2.299794 0.001749
2.299798 0.001719
2.299801 0.001691
2.299804 0.001662
2.299808 0.001634
2.299811 0.001607
2.299814 0.001580
2.299817 0.001553
2.299820 0.001527
2.299823 0.001501
2.299826 0.001476
2.299829 0.001451
2.299832 0.001427
2.299835 0.001403
2.299838 0.001379
2.299840 0.001356
2.299843 0.001333
2.299846 0.001311
2.299848 0.001289
2.299851 0.001267
2.299853 0.001246
2.299856 0.001225
2.299858 0.001204
2.299861 0.001184
2.299863 0.001164
2.299865 0.001144
2.299868 0.001125
2.299870 0.001106
2.299872 0.001088
2.299874 0.001069
2.299876 0.001051
2.299878 0.001034
2.299880 0.001016
2.299882 0.000999
2.299884 0.000982
2.299886 0.000966
2.299888 0.000950
2.299890 0.000934
2.299892 0.000918
2.299894 0.000902
2.299896 0.000887
2.299897 0.000872
2.299899 0.000858
2.299901 0.000843
2.299903 0.000829
2.299904 0.000815
2.299906 0.000801
2.299907 0.000788
2.299909 0.000774
2.299910 0.000761
2.299912 0.000749
2.299913 0.000736
2.299915 0.000724
2.299916 0.000711
2.299918 0.000699
2.299919 0.000688
2.299921 0.000676
2.299922 0.000665
2.299923 0.000653
2.299924 0.000642
2.299926 0.000632
2.299927 0.000621
2.299928 0.000610
2.299929 0.000600
2.299931 0.000590
2.299932 0.000580
2.299933 0.000570
2.299934 0.000561
2.299935 0.000551
2.299936 0.000542
2.299937 0.000533
2.299938 0.000524
2.299939 0.000515
2.299941 0.000506
2.299942 0.000498
2.299942 0.000489
2.299943 0.000481
2.299944 0.000473
2.299945 0.000465
2.299946 0.000457
2.299947 0.000450
2.299948 0.000442
2.299949 0.000434
2.299950 0.000427
2.299951 0.000420
2.299951 0.000413
2.299952 0.000406
2.299953 0.000399
2.299954 0.000392
2.299955 0.000386
2.299955 0.000379
2.299956 0.000373
2.299957 0.000367
2.299958 0.000360
2.299958 0.000354
2.299959 0.000348
2.299960 0.000342
2.299960 0.000337
2.299961 0.000331
2.299962 0.000325
2.299962 0.000320
2.299963 0.000314
2.299964 0.000309
2.299964 0.000304
2.299965 0.000299
2.299965 0.000294
2.299966 0.000289
2.299967 0.000284
2.299967 0.000279
2.299968 0.000274
2.299968 0.000270
2.299969 0.000265
2.299969 0.000261
2.299970 0.000256
2.299970 0.000252
2.299971 0.000248
2.299971 0.000244
2.299972 0.000239
2.299972 0.000235
2.299973 0.000231
2.299973 0.000228
2.299974 0.000224
2.299974 0.000220
2.299975 0.000216
2.299975 0.000213
2.299975 0.000209
2.299976 0.000205
2.299976 0.000202
2.299977 0.000199
2.299977 0.000195
2.299977 0.000192
2.299978 0.000189
2.299978 0.000186
2.299979 0.000182
2.299979 0.000179
2.299979 0.000176
2.299980 0.000173
2.299980 0.000170
2.299980 0.000167
2.299981 0.000165
2.299981 0.000162
2.299981 0.000159
2.299982 0.000156
2.299982 0.000154
2.299982 0.000151
2.299983 0.000149
2.299983 0.000146
2.299983 0.000144
2.299983 0.000141
2.299984 0.000139
2.299984 0.000137
2.299984 0.000134
2.299984 0.000132
2.299985 0.000130
2.299985 0.000128
2.299985 0.000125
2.299986 0.000123
2.299986 0.000121
2.299986 0.000119
2.299986 0.000117
2.299986 0.000115
2.299987 0.000113
2.299987 0.000111
2.299987 0.000109
2.299987 0.000108
2.299988 0.000106
2.299988 0.000104
2.299988 0.000102
2.299988 0.000100
2.299988 0.000099
2.299989 0.000097
2.299989 0.000095
2.299989 0.000094
2.299989 0.000092
2.299989 0.000091
2.299990 0.000089
2.299990 0.000088
2.299990 0.000086
2.299990 0.000085
2.299990 0.000083
2.299990 0.000082
2.299991 0.000080
2.299991 0.000079
2.299991 0.000078
2.299991 0.000076
2.299991 0.000075
2.299991 0.000074
2.299991 0.000073
2.299992 0.000071
2.299992 0.000070
2.299992 0.000069
2.299992 0.000068
2.299992 0.000067
2.299992 0.000066
2.299992 0.000064
2.299993 0.000063
2.299993 0.000062
2.299993 0.000061
2.299993 0.000060
2.299993 0.000059
2.299993 0.000058
2.299993 0.000057
2.299993 0.000056
2.299993 0.000055
2.299994 0.000054
2.299994 0.000053
2.299994 0.000053
2.299994 0.000052
2.299994 0.000051
2.299994 0.000050
2.299994 0.000049
2.299994 0.000048
2.299994 0.000047
2.299995 0.000047
2.299995 0.000046
2.299995 0.000045
2.299995 0.000044
2.299995 0.000044
2.299995 0.000043
2.299995 0.000042
2.299995 0.000041
2.299995 0.000041
2.299995 0.000040
2.299995 0.000039
2.299995 0.000039
2.299996 0.000038
2.299996 0.000037
2.299996 0.000037
2.299996 0.000036
2.299996 0.000036
2.299996 0.000035
2.299996 0.000034
2.299996 0.000034
2.299996 0.000033
2.299996 0.000033
2.299996 0.000032
2.299996 0.000032
2.299996 0.000031
2.299996 0.000030
2.299996 0.000030
2.299997 0.000029
2.299997 0.000029
2.299997 0.000028
2.299997 0.000028
2.299997 0.000027
2.299997 0.000027
2.299997 0.000027
2.299997 0.000026
2.299997 0.000026
2.299997 0.000025
2.299997 0.000025
2.299997 0.000024
2.299997 0.000024
2.299997 0.000024
2.299997 0.000023
2.299997 0.000023
2.299997 0.000022
2.299997 0.000022
2.299997 0.000022
2.299997 0.000021
2.299998 0.000021
2.299998 0.000021
2.299998 0.000020
2.299998 0.000020
2.299998 0.000020
2.299998 0.000019
2.299998 0.000019
2.299998 0.000019
2.299998 0.000018
2.299998 0.000018
2.299998 0.000018
2.299998 0.000017
2.299998 0.000017
2.299998 0.000017
2.299998 0.000016
2.299998 0.000016
2.299998 0.000016
2.299998 0.000016
2.299998 0.000015
2.299998 0.000015
2.299998 0.000015
2.299998 0.000015
2.299998 0.000014
2.299998 0.000014
2.299998 0.000014
2.299998 0.000014
2.299998 0.000013
2.299998 0.000013
2.299998 0.000013
2.299998 0.000013
2.299999 0.000013
2.299999 0.000012
2.299999 0.000012
2.299999 0.000012
2.299999 0.000012
2.299999 0.000012
2.299999 0.000011
2.299999 0.000011
2.299999 0.000011
2.299999 0.000011
2.299999 0.000011
2.299999 0.000010
2.299999 0.000010
2.299999 0.000010
2.299999 0.000010
2.299999 0.000010
2.299999 0.000010
2.299999 0.000009
2.299999 0.000009
2.299999 0.000009
2.299999 0.000009
2.299999 0.000009
2.299999 0.000009
2.299999 0.000008
2.299999 0.000008
2.299999 0.000008
2.299999 0.000008
2.299999 0.000008
2.299999 0.000008
2.299999 0.000008
2.299999 0.000008
2.299999 0.000007
2.299999 0.000007
2.299999 0.000007
2.299999 0.000007
2.299999 0.000007
2.299999 0.000007
2.299999 0.000007
2.299999 0.000007
2.299999 0.000006
2.299999 0.000006
2.299999 0.000006
2.299999 0.000006
2.299999 0.000006
2.299999 0.000006
2.299999 0.000006
2.299999 0.000006
2.299999 0.000006
2.299999 0.000006
2.299999 0.000005
2.299999 0.000005
2.299999 0.000005
2.299999 0.000005
2.299999 0.000005
2.299999 0.000005
2.299999 0.000005
2.299999 0.000005
2.299999 0.000005
2.299999 0.000005
2.299999 0.000005
2.299999 0.000005
2.299999 0.000004
2.299999 0.000004
2.299999 0.000004
2.299999 0.000004
2.299999 0.000004
2.299999 0.000004
2.300000 0.000004
2.300000 0.000004
2.300000 0.000004
2.300000 0.000004
2.300000 0.000004
2.300000 0.000004
2.300000 0.000004
2.300000 0.000004
2.300000 0.000003
2.300000 0.000003
2.300000 0.000003
2.300000 0.000003
2.300000 0.000003
2.300000 0.000003
2.300000 0.000003
2.300000 0.000003
2.300000 0.000003
2.300000 0.000003
2.300000 0.000003
2.300000 0.000003
2.300000 0.000003
2.300000 0.000003
2.300000 0.000003
2.300000 0.000003
2.300000 0.000003
2.300000 0.000003
2.300000 0.000003
2.300000 0.000003
2.300000 0.000002
2.300000 0.000002
2.300000 0.000002
2.300000 0.000002
2.300000 0.000002
2.300000 0.000002
2.300000 0.000002
2.300000 0.000002
2.300000 0.000002
2.300000 0.000002
2.300000 0.000002
2.300000 0.000002
2.300000 0.000002
2.300000 0.000002
2.300000 0.000002
2.300000 0.000002
2.300000 0.000002
2.300000 0.000002
2.300000 0.000002
2.300000 0.000002
2.300000 0.000002
2.300000 0.000002
2.300000 0.000002
2.300000 0.000002
2.300000 0.000002
2.300000 0.000002
2.300000 0.000002
2.300000 0.000002
2.300000 0.000002
2.300000 0.000002
2.300000 0.000001
2.300000 0.000001
2.300000 0.000001
2.300000 0.000001
2.300000 0.000001
2.300000 0.000001
2.300000 0.000001
2.300000 0.000001
2.300000 0.000001
2.300000 0.000001
2.300000 0.000001
2.300000 0.000001
2.300000 0.000001
2.300000 0.000001
2.300000 0.000001
2.300000 0.000001
2.300000 0.000001
2.300000 0.000001
2.300000 0.000001
2.300000 0.000001
2.300000 0.000001
2.300000 0.000001
2.300000 0.000001
2.300000 0.000001
2.300000 0.000001
2.300000 0.000001
2.300000 0.000001
2.300000 0.000001
2.300000 0.000001
2.300000 0.000001
2.300000 0.000001
2.300000 0.000001
2.300000 0.000001
2.300000 0.000001
2.300000 0.000001
2.300000 0.000001
2.300000 0.000001
2.300000 0.000001
2.300000 0.000001
2.300000 0.000001
2.300000 0.000001
2.300000 0.000001
2.300000 0.000001
2.300000 0.000001
2.300000 0.000001
2.300000 0.000001
2.300000 0.000001
2.300000 0.000001
2.300000 0.000001
2.300000 0.000001
2.300000 0.000001
2.300000 0.000001
2.300000 0.000001
2.300000 0.000001
2.300000 0.000001
2.300000 0.000001
2.300000 0.000001
2.300000 0.000001
2.300000 0.000001
2.300000 0.000001
2.300000 0.000001
2.300000 0.000001
2.300000 0.000001
2.300000 0.000001
2.300000 0.000000
2.300000 0.000000
2.300000 0.000000
2.300000 0.000000
2.300000 0.000000
2.300000 0.000000
2.300000 0.000000
2.300000 0.000000
2.300000 0.000000
2.300000 0.000000
2.300000 0.000000
2.300000 0.000000
2.300000 0.000000
2.300000 0.000000
2.300000 0.000000
2.300000 0.000000
2.300000 0.000000
2.300000 0.000000
2.300000 0.000000
2.300000 0.000000
2.300000 0.000000
2.300000 0.000000
2.300000 0.000000
2.300000 0.000000
2.300000 0.000000
2.300000 0.000000
2.300000 0.000000
2.300000 0.000000
2.300000 0.000000
2.300000 0.000000
2.300000 0.000000
2.300000 0.000000
2.300000 0.000000
2.300000 0.000000
2.300000 0.000000
2.300000 0.000000
2.300000 0.000000
2.300000 0.000000
2.300000 0.000000
2.300000 0.000000
2.300000 0.000000
2.300000 0.000000
2.300000 0.000000
2.300000 0.000000
2.300000 0.000000
2.300000 0.000000
2.300000 0.000000
2.300000 0.000000
2.300000 0.000000
2.300000 0.000000
2.300000 0.000000
2.300000 0.000000
2.300000 0.000000
2.300000 0.000000
2.300000 0.000000
2.300000 0.000000
2.300000 0.000000
2.300000 0.000000
2.300000 0.000000
2.300000 0.000000
2.300000 0.000000
2.300000 0.000000
2.300000 0.000000
2.300000 0.000000
2.300000 0.000000
2.300000 0.000000
2.300000 0.000000
2.300000 0.000000
2.300000 0.000000
2.300000 0.000000
2.300000 0.000000
2.300000 0.000000
2.300000 0.000000
2.300000 0.000000
2.300000 0.000000
2.300000 0.000000
2.300000 0.000000
2.300000 0.000000
2.300000 0.000000
2.300000 0.000000
2.300000 0.000000
2.300000 0.000000
2.300000 0.000000
2.300000 0.000000
2.300000 0.000000
2.300000 0.000000
2.300000 0.000000
2.300000 0.000000
2.300000 0.000000
2.300000 0.000000
2.300000 0.000000
2.300000 0.000000
2.300000 0.000000
2.300000 0.000000
2.300000 0.000000
2.300000 0.000000
2.300000 0.000000
2.300000 0.000000
2.300000 0.000000
2.300000 0.000000
2.300000 0.000000
2.300000 0.000000
2.300000 0.000000
2.300000 0.000000
2.300000 0.000000
2.300000 0.000000
2.300000 0.000000
2.300000 0.000000
2.300000 0.000000
2.300000 0.000000
2.300000 0.000000
2.300000 0.000000
2.300000 0.000000
2.300000 0.000000
2.300000 0.000000
2.300000 0.000000
2.300000 0.000000
2.300000 0.000000
2.300000 0.000000
2.300000 0.000000
2.300000 0.000000
2.300000 0.000000
2.300000 0.000000
2.300000 0.000000
2.300000 0.000000
2.300000 0.000000
2.300000 0.000000
2.300000 0.000000
2.300000 0.000000
2.300000 0.000000
2.300000 0.000000
2.300000 0.000000
2.300000 0.000000
2.300000 0.000000
2.300000 0.000000
2.300000 0.000000
2.300000 0.000000
2.300000 0.000000
2.300000 0.000000
2.300000 0.000000
2.300000 0.000000
2.300000 0.000000
2.300000 0.000000
2.300000 0.000000
2.300000 0.000000
2.300000 0.000000
2.300000 0.000000
2.300000 0.000000
2.300000 0.000000
2.300000 0.000000
2.300000 0.000000
2.300000 0.000000
2.300000 0.000000
2.300000 0.000000
2.300000 0.000000
2.300000 0.000000
2.300000 0.000000
2.300000 0.000000
2.300000 0.000000
2.300000 0.000000
2.300000 0.000000
2.300000 0.000000
2.300000 0.000000
2.300000 0.000000
2.300000 0.000000
2.300000 0.000000
2.300000 0.000000
2.300000 0.000000
2.300000 0.000000
2.300000 0.000000
2.300000 0.000000
2.300000 0.000000
2.300000 0.000000
2.300000 0.000000
2.300000 0.000000
2.300000 0.000000
2.300000 0.000000
2.300000 0.000000
2.300000 0.000000
2.300000 0.000000
2.300000 0.000000
2.300000 0.000000
2.300000 0.000000
2.300000 0.000000
2.300000 0.000000
2.300000 0.000000
2.300000 0.000000
2.300000 0.000000
2.300000 0.000000
2.300000 0.000000
2.300000 0.000000
2.300000 0.000000
2.300000 0.000000
2.300000 0.000000
2.300000 0.000000
2.300000 0.000000
2.300000 0.000000
2.300000 0.000000
2.300000 0.000000
2.300000 0.000000
2.300000 0.000000
2.300000 0.000000
2.300000 0.000000
2.300000 0.000000
2.300000 0.000000
2.300000 0.000000
2.300000 0.000000
2.300000 0.000000
2.300000 0.000000
2.300000 0.000000
2.300000 0.000000
2.300000 0.000000
2.300000 0.000000
2.300000 0.000000
2.300000 0.000000
2.300000 0.000000
2.300000 0.000000
2.300000 0.000000
2.300000 0.000000
2.300000 0.000000
2.300000 0.000000
2.300000 0.000000
2.300000 0.000000
2.300000 0.000000
2.300000 0.000000
2.300000 0.000000
2.300000 0.000000
2.300000 0.000000
2.300000 0.000000
2.300000 0.000000
2.300000 0.000000
2.300000 0.000000
2.300000 0.000000
2.300000 0.000000
2.300000 0.000000
2.300000 0.000000
2.300000 0.000000
2.300000 0.000000
2.300000 0.000000
2.300000 0.000000
2.300000 0.000000
2.300000 0.000000
2.300000 0.000000
2.300000 0.000000
2.300000 0.000000
2.300000 0.000000
2.300000 0.000000
2.300000 0.000000
2.300000 0.000000
2.300000 0.000000
2.300000 0.000000
2.300000 0.000000
2.300000 0.000000
2.300000 0.000000
2.300000 0.000000
2.300000 0.000000
2.300000 0.000000
2.300000 0.000000
2.300000 0.000000
2.300000 0.000000
2.300000 0.000000
2.300000 0.000000
2.300000 0.000000
2.300000 0.000000
2.300000 0.000000
2.300000 0.000000
2.300000 0.000000
2.300000 0.000000
2.300000 0.000000
2.300000 0.000000
2.300000 0.000000
2.300000 0.000000
2.300000 0.000000
2.300000 0.000000
2.300000 0.000000
2.300000 0.000000
2.300000 0.000000
2.300000 0.000000
2.300000 0.000000
2.300000 0.000000
2.300000 0.000000
2.300000 0.000000
2.300000 0.000000
2.300000 0.000000
2.300000 0.000000
2.300000 0.000000
2.300000 0.000000
2.300000 0.000000
2.300000 0.000000
2.300000 0.000000
2.300000 0.000000
2.300000 0.000000
2.300000 0.000000
2.300000 0.000000
2.300000 0.000000
2.300000 0.000000
2.300000 0.000000
2.300000 0.000000
2.300000 0.000000
2.300000 0.000000
2.300000 0.000000
2.300000 0.000000
2.300000 0.000000
2.300000 0.000000
2.300000 0.000000
2.300000 0.000000
2.300000 0.000000
2.300000 0.000000
2.300000 0.000000
2.300000 0.000000
2.300000 0.000000
2.300000 0.000000
2.300000 0.000000
2.300000 0.000000
2.300000 0.000000
2.300000 0.000000
2.300000 0.000000
2.300000 0.000000
2.300000 0.000000
2.300000 0.000000
2.300000 0.000000
2.300000 0.000000
2.300000 0.000000
2.300000 0.000000
2.300000 0.000000
2.300000 0.000000
2.300000 0.000000
2.300000 0.000000
2.300000 0.000000
2.300000 0.000000
2.300000 0.000000
2.300000 0.000000
2.300000 0.000000
2.300000 0.000000
2.300000 0.000000
2.300000 0.000000
2.300000 0.000000
2.300000 0.000000
2.300000 0.000000
2.300000 0.000000
2.300000 0.000000
2.300000 0.000000
2.300000 0.000000
2.300000 0.000000
2.300000 0.000000
2.300000 0.000000
2.300000 0.000000
2.300000 0.000000
2.300000 0.000000
2.300000 0.000000
2.300000 0.000000
2.300000 0.000000
2.300000 0.000000
2.300000 0.000000
2.300000 0.000000
2.300000 0.000000
2.300000 0.000000
2.300000 0.000000
2.300000 0.000000
2.300000 0.000000
2.300000 0.000000
2.300000 0.000000
2.300000 0.000000
2.300000 0.000000
2.300000 0.000000
2.300000 0.000000
2.300000 0.000000
2.300000 0.000000
2.300000 0.000000
2.300000 0.000000
2.300000 0.000000
2.300000 0.000000
2.300000 0.000000
2.300000 0.000000
2.300000 0.000000
2.300000 0.000000
2.300000 0.000000
2.300000 0.000000
2.300000 0.000000
2.300000 0.000000
2.300000 0.000000
2.300000 0.000000
2.300000 0.000000
2.300000 0.000000
2.300000 0.000000
2.300000 0.000000
2.300000 0.000000
2.300000 0.000000
2.300000 0.000000
2.300000 0.000000
2.300000 0.000000
2.300000 0.000000
2.300000 0.000000
2.300000 0.000000
2.300000 0.000000
2.300000 0.000000
2.300000 0.000000
2.300000 0.000000
2.300000 0.000000
2.300000 0.000000
2.300000 0.000000
2.300000 0.000000
2.300000 0.000000
2.300000 0.000000
2.300000 0.000000
2.300000 0.000000
2.300000 0.000000
2.300000 0.000000
2.300000 0.000000
2.300000 0.000000
2.300000 0.000000
2.300000 0.000000
2.300000 0.000000
2.300000 0.000000
2.300000 0.000000
2.300000 0.000000
2.300000 0.000000
2.300000 0.000000
2.300000 0.000000
2.300000 0.000000
2.300000 0.000000
2.300000 0.000000
2.300000 0.000000
2.300000 0.000000
2.300000 0.000000
2.300000 0.000000
2.300000 0.000000
2.300000 0.000000
2.300000 0.000000
2.300000 0.000000
2.300000 0.000000
2.300000 0.000000
2.300000 0.000000
2.300000 0.000000
2.300000 0.000000
2.300000 0.000000
2.300000 0.000000
2.300000 0.000000
2.300000 0.000000
2.300000 0.000000
2.300000 0.000000
2.300000 0.000000
2.300000 0.000000
2.300000 0.000000
2.300000 0.000000
2.300000 0.000000
2.300000 0.000000
2.300000 0.000000
2.300000 0.000000
2.300000 0.000000
2.300000 0.000000
2.300000 0.000000
2.300000 0.000000
2.300000 0.000000
2.300000 0.000000
2.300000 0.000000
2.300000 0.000000
2.300000 0.000000
2.300000 0.000000
2.300000 0.000000
2.300000 0.000000
2.300000 0.000000
2.300000 0.000000
2.300000 0.000000
2.300000 0.000000
2.300000 0.000000
2.300000 0.000000
2.300000 0.000000
2.300000 0.000000
2.300000 0.000000
2.300000 0.000000
2.300000 0.000000
2.300000 0.000000
2.300000 0.000000
2.300000 0.000000
2.300000 0.000000
2.300000 0.000000
2.300000 0.000000
2.300000 0.000000
2.300000 0.000000
2.300000 0.000000
2.300000 0.000000
2.300000 0.000000
2.300000 0.000000
2.300000 0.000000
2.300000 0.000000
2.300000 0.000000
2.300000 0.000000
2.300000 0.000000
2.300000 0.000000
2.300000 0.000000
2.300000 0.000000
2.300000 0.000000
2.300000 0.000000
2.300000 0.000000
2.300000 0.000000
2.300000 0.000000
2.300000 0.000000
2.300000 0.000000
2.300000 0.000000
2.300000 0.000000
2.300000 0.000000
2.300000 0.000000
2.300000 0.000000
2.300000 0.000000
2.300000 0.000000
2.300000 0.000000
2.300000 0.000000
2.300000 0.000000
2.300000 0.000000
2.300000 0.000000
2.300000 0.000000
2.300000 0.000000
2.300000 0.000000
2.300000 0.000000
2.300000 0.000000
2.300000 0.000000
2.300000 0.000000
2.300000 0.000000
2.300000 0.000000
2.300000 0.000000
2.300000 0.000000
2.300000 0.000000
2.300000 0.000000
2.300000 0.000000
2.300000 0.000000
2.300000 0.000000
2.300000 0.000000
2.300000 0.000000
2.300000 0.000000
2.300000 0.000000
2.300000 0.000000
2.300000 0.000000
2.300000 0.000000
2.300000 0.000000
2.300000 0.000000
2.300000 0.000000
2.300000 0.000000
2.300000 0.000000
2.300000 0.000000
2.300000 0.000000
2.300000 0.000000
2.300000 0.000000
2.300000 0.000000
2.300000 0.000000
2.300000 0.000000
2.300000 0.000000
2.300000 0.000000
2.300000 0.000000
2.300000 0.000000
2.300000 0.000000
2.300000 0.000000
2.300000 0.000000
2.300000 0.000000
2.300000 0.000000
2.300000 0.000000
2.300000 0.000000
2.300000 0.000000
2.300000 0.000000
2.300000 0.000000
2.300000 0.000000
2.300000 0.000000
2.300000 0.000000
2.300000 0.000000
2.300000 0.000000
2.300000 0.000000
2.300000 0.000000
2.300000 0.000000
2.300000 0.000000
2.300000 0.000000
2.300000 0.000000
2.300000 0.000000
2.300000 0.000000
2.300000 0.000000
2.300000 0.000000
2.300000 0.000000
2.300000 0.000000
2.300000 0.000000
2.300000 0.000000
2.300000 0.000000
2.300000 0.000000
2.300000 0.000000
2.300000 0.000000
2.300000 0.000000
2.300000 0.000000
2.300000 0.000000
2.300000 0.000000
2.300000 0.000000
2.300000 0.000000
2.300000 0.000000
2.300000 0.000000
2.300000 0.000000
2.300000 0.000000
2.300000 0.000000
2.300000 0.000000
2.300000 0.000000
2.300000 0.000000
2.300000 0.000000
2.300000 0.000000
2.300000 0.000000
2.300000 0.000000
2.300000 0.000000
2.300000 0.000000
2.300000 0.000000
2.300000 0.000000
2.300000 0.000000
2.300000 0.000000
2.300000 0.000000
2.300000 0.000000
2.300000 0.000000
2.300000 0.000000
2.300000 0.000000
2.300000 0.000000
2.300000 0.000000
2.300000 0.000000
2.300000 0.000000
2.300000 0.000000
2.300000 0.000000
2.300000 0.000000
2.300000 0.000000
2.300000 0.000000
2.300000 0.000000
2.300000 0.000000
2.300000 0.000000
2.300000 0.000000
2.300000 0.000000
2.300000 0.000000
2.300000 0.000000
2.300000 0.000000
2.300000 0.000000
2.300000 0.000000
2.300000 0.000000
2.300000 0.000000
2.300000 0.000000
2.300000 0.000000
2.300000 0.000000
2.300000 0.000000
2.300000 0.000000
2.300000 0.000000
2.300000 0.000000
2.300000 0.000000
2.300000 0.000000
2.300000 0.000000
2.300000 0.000000
2.300000 0.000000
2.300000 0.000000
2.300000 0.000000
2.300000 0.000000
2.300000 0.000000
2.300000 0.000000
2.300000 0.000000
2.300000 0.000000
2.300000 0.000000
2.300000 0.000000
2.300000 0.000000
2.300000 0.000000
2.300000 0.000000
2.300000 0.000000
2.300000 0.000000
2.300000 0.000000
2.300000 0.000000
2.300000 0.000000
2.300000 0.000000
2.300000 0.000000
2.300000 0.000000
2.300000 0.000000
2.300000 0.000000
2.300000 0.000000
2.300000 0.000000
2.300000 0.000000
2.300000 0.000000
2.300000 0.000000
2.300000 0.000000
2.300000 0.000000
2.300000 0.000000
2.300000 0.000000
2.300000 0.000000
2.300000 0.000000
2.300000 0.000000
2.300000 0.000000
2.300000 0.000000
2.300000 0.000000
2.300000 0.000000
2.300000 0.000000
2.300000 0.000000
2.300000 0.000000
2.300000 0.000000
2.300000 0.000000
2.300000 0.000000
2.300000 0.000000
2.300000 0.000000
2.300000 0.000000
2.300000 0.000000
2.300000 0.000000
2.300000 0.000000
2.300000 0.000000
2.300000 0.000000
2.300000 0.000000
2.300000 0.000000
2.300000 0.000000
2.300000 0.000000
2.300000 0.000000